cam0:
  T_cam_imu:
  - [0.9999921569165363, 0.003945890103835121, 0.0003406709575200133, -0.030976405894694664]
  - [-0.003948017768440125, 0.9999711543561547, 0.0064887295612456805, 0.003944069243840622]
  - [-0.00031505731688472255, -0.0064900236445916415, 0.9999788899431723, -0.016723945219020563]
  - [0.0, 0.0, 0.0, 1.0]
  cam_overlaps: [1]
  camera_model: pinhole
  distortion_coeffs: [0.0038403216668672986, 0.025065957244781098, -0.05227986912373674,
    0.03635919730588422]
  distortion_model: equidistant
  intrinsics: [464.2604856754006, 463.0164764480498, 372.2582270417875, 235.05442086962864]
  resolution: [752, 480]
  rostopic: /cam0/image_raw
cam1:
  T_cam_imu:
  - [0.9999722760516375, 0.007329193771005421, 0.0013153124248847282, 0.0790982900835488]
  - [-0.007335059837348439, 0.9999629194070246, 0.004511840884063492, 0.003549628903031918]
  - [-0.0012821954962168199, -0.00452136369336114, 0.9999889565615523, -0.01713313929463862]
  - [0.0, 0.0, 0.0, 1.0]
  T_cn_cnm1:
  - [0.9999938014675284, 0.003389608748506475, 0.0009526694354431359, 0.11007706750982221]
  - [-0.003387721466817517, 0.9999923098946835, -0.001975726387548898, -0.0005323913855882944]
  - [-0.0009593590487627364, 0.0019724867622474985, 0.9999975944602008, -0.0004467314253999674]
  - [0.0, 0.0, 0.0, 1.0]
  cam_overlaps: [0]
  camera_model: pinhole
  distortion_coeffs: [0.00823121215582322, -0.015270152487108836, 0.03085334360639285,
    -0.017760720995454376]
  distortion_model: equidistant
  intrinsics: [456.3683366282091, 455.03924786357857, 375.1783411236692, 238.22971133267725]
  resolution: [752, 480]
  rostopic: /cam1/image_raw
rgb:
  T_rgb_cam0:
  - [0.999985, 0.001747, -0.005260, -0.001992]
  - [-0.001683, 0.999923, 0.012290, -0.027924]
  - [0.005281, -0.012281, 0.999911, -0.001427]
  - [0.000000, 0.000000, 0.000000, 1.000000]
  distortion_coeffs: [0.242123, -0.853689, -0.001582, 0.000793, 0.449361]
  distortion_model: radtan 
  intrinsics: [619.574765, 615.488155, 322.423351, 232.460831] 
  resolution: [640, 480] 
  rostopic: /picoflexx/cam0/depth/image_raw
depth: 
   distortion_coeffs: [0.0, 0.0, 0.0, 0.0, 0.0]
   distorion_model: radtan
   intrinsics: [456.81292724609375, 456.81292724609375, 241.26553344726562, 178.0287322998047]
   resolution: [480, 360]
vicon:
 T_vicon_cam:
  - [0.999507, 0.022391, -0.022002, 0.046966]
  - [-0.022486, 0.999739, -0.004069, -0.011242]
  - [0.021905, 0.004562, 0.999750, -0.026237]
  - [0.000000, 0.000000, 0.000000, 1.000000]
