cam0:
cam0:
  T_cam_imu:
  - [0.999922605182576, 0.007434716410286811, 0.009975401585334238, -0.035503578663643016]
  - [-0.007555919294445221, 0.9998974185799708, 0.012168007261931384, -0.0022686376896009206]
  - [-0.009883912611203482, -0.0122424388505394, 0.9998762078189903, 0.00045813251393625736]
  - [0.0, 0.0, 0.0, 1.0]
  cam_overlaps: [1]
  camera_model: pinhole
  distortion_coeffs: [0.005914377175052882, -0.012903649929070051, 0.03282714585535431,
    -0.026428479441383757]
  distortion_model: equidistant
  intrinsics: [470.9697706464036, 469.78886544800315, 368.3751923472589, 232.01744042285407]
  resolution: [752, 480]
  rostopic: /cam0/image_raw
cam1:
  T_cam_imu:
  - [0.9999722760516375, 0.007329193771005421, 0.0013153124248847282, 0.0790982900835488]
  - [-0.007335059837348439, 0.9999629194070246, 0.004511840884063492, 0.003549628903031918]
  - [-0.0012821954962168199, -0.00452136369336114, 0.9999889565615523, -0.01713313929463862]
  - [0.0, 0.0, 0.0, 1.0]
  T_cn_cnm1:
  - [0.9999938014675284, 0.003389608748506475, 0.0009526694354431359, 0.11007706750982221]
  - [-0.003387721466817517, 0.9999923098946835, -0.001975726387548898, -0.0005323913855882944]
  - [-0.0009593590487627364, 0.0019724867622474985, 0.9999975944602008, -0.0004467314253999674]
  - [0.0, 0.0, 0.0, 1.0]
  cam_overlaps: [0]
  camera_model: pinhole
  distortion_coeffs: [0.00823121215582322, -0.015270152487108836, 0.03085334360639285,
    -0.017760720995454376]
  distortion_model: equidistant
  intrinsics: [456.3683366282091, 455.03924786357857, 375.1783411236692, 238.22971133267725]
  resolution: [752, 480]
  rostopic: /cam1/image_raw
depth:
  T_depth_cam0:
  - [0.999746, 0.007372, -0.021279, 0.058298]
  - [-0.007568, 0.999930, -0.009147, -0.030315]
  - [0.021210, 0.009306, 0.999732, -0.004948]
  - [0.000000, 0.000000, 0.000000, 1.000000]
  distortion_coeffs: [0.008847, -2.096631, -0.001219, -0.003010, 3.687631]
  distortion_model: radtan 
  intrinsics: [215.818986, 214.986360, 110.394673, 89.545323] 
  depth_correction: [0.000990, 0.001189, 0.000116, -0.000001, 0.001467, 0.001844]
  resolution: [224, 171] 
vicon:
 T_vicon_cam:
  - [0.999682, 0.020622, -0.014487, 0.040638]
  - [0.015013, -0.025590, 0.999560, -0.003475]
  - [0.020243, -0.999460, -0.025891, 0.008185]
  - [0.000000, 0.000000, 0.000000, 1.000000]
